{
  "advancedEditorSelectedIdentifier" : "ProjectBrowser",
  "openSceneRelativePaths" : [
    "Immersive.usda",
    "Scene.usda",
    "Menu.usda",
    "Molecule.usda",
    "Math.usda",
    "Physics.usda",
    "Test.usda"
  ],
  "recentIdentifiers" : {
    "8634B1C8-3274-4847-B21A-E4F7F6BA3229" : [

    ]
  },
  "sceneCameraHistory" : {
    "006E66DA-610D-4F8A-AFA8-ED05902EA34A" : [
      {
        "date" : 771045764.197753,
        "title" : "Untitled",
        "transform" : [
          0.9944785,
          -2.0327116e-09,
          0.104940034,
          0,
          0.023311045,
          0.97501546,
          -0.22091028,
          0,
          -0.10231816,
          0.22213683,
          0.969632,
          0,
          -0.55597365,
          0.7953117,
          0.95564747,
          1
        ]
      },
      {
        "date" : 771045759.23035,
        "title" : "Untitled",
        "transform" : [
          0.9944785,
          -2.0327116e-09,
          0.104940034,
          0,
          0.023311045,
          0.97501546,
          -0.22091028,
          0,
          -0.10231816,
          0.22213683,
          0.969632,
          0,
          -0.35711202,
          1.745199,
          0.7590189,
          1
        ]
      },
      {
        "date" : 771045750.4307,
        "title" : "Untitled",
        "transform" : [
          0.9944785,
          -2.0327116e-09,
          0.104940034,
          0,
          0.023311045,
          0.97501546,
          -0.22091028,
          0,
          -0.10231816,
          0.22213683,
          0.969632,
          0,
          -0.39734554,
          1.8325462,
          1.1403027,
          1
        ]
      },
      {
        "date" : 771045747.929929,
        "title" : "Untitled",
        "transform" : [
          0.99447864,
          -1.4020644e-07,
          0.10494007,
          0,
          0.023311188,
          0.9750156,
          -0.2209103,
          0,
          -0.10231816,
          0.22213683,
          0.969632,
          0,
          -0.39734554,
          1.8325462,
          1.1403027,
          1
        ]
      },
      {
        "date" : 771045743.231447,
        "title" : "Untitled",
        "transform" : [
          -0.1324036,
          1.0869415e-05,
          0.99119586,
          0,
          0.22119333,
          0.9747826,
          0.029536238,
          0,
          -0.9662001,
          0.22315663,
          -0.12906714,
          0,
          -2.7626877,
          1.9701376,
          -0.16586375,
          1
        ]
      },
      {
        "date" : 771041919.667538,
        "title" : "Untitled",
        "transform" : [
          -0.1324036,
          1.0869415e-05,
          0.99119586,
          0,
          0.22119333,
          0.9747826,
          0.029536238,
          0,
          -0.9662001,
          0.22315663,
          -0.12906714,
          0,
          -2.61337,
          2.183321,
          -0.9150734,
          1
        ]
      },
      {
        "date" : 771041916.049447,
        "title" : "Untitled",
        "transform" : [
          -0.1324036,
          1.0869415e-05,
          0.99119586,
          0,
          0.22119336,
          0.9747827,
          0.029536242,
          0,
          -0.9662001,
          0.22315663,
          -0.12906714,
          0,
          -2.6251059,
          1.7457094,
          -1.583851,
          1
        ]
      },
      {
        "date" : 771041914.000725,
        "title" : "Untitled",
        "transform" : [
          -0.06290893,
          1.0869425e-05,
          0.9980192,
          0,
          0.22708692,
          0.97376955,
          0.014303543,
          0,
          -0.97184044,
          0.22753693,
          -0.061261274,
          0,
          -2.5882497,
          1.754741,
          -1.4392843,
          1
        ]
      },
      {
        "date" : 771041907.166608,
        "title" : "Untitled",
        "transform" : [
          -0.06290893,
          1.0869425e-05,
          0.9980192,
          0,
          0.22708692,
          0.97376955,
          0.014303543,
          0,
          -0.97184044,
          0.22753693,
          -0.061261274,
          0,
          -2.4910283,
          1.7997557,
          -2.8143883,
          1
        ]
      },
      {
        "date" : 771041904.666791,
        "title" : "Untitled",
        "transform" : [
          -0.052341606,
          1.0870288e-05,
          0.9986292,
          0,
          0.2925194,
          0.9561369,
          0.015321545,
          0,
          -0.95482606,
          0.29292035,
          -0.050048925,
          0,
          -2.4550934,
          1.9305843,
          -2.7918437,
          1
        ]
      }
    ],
    "53FED794-763C-49BE-9C5D-CAA9288C5898" : [
      {
        "date" : 771055724.619067,
        "title" : "Untitled",
        "transform" : [
          1,
          0,
          0,
          0,
          0,
          0.7071069,
          -0.70710677,
          0,
          0,
          0.70710677,
          0.7071069,
          0,
          -0.050368056,
          3.3095293,
          7.602401,
          1
        ]
      },
      {
        "date" : 771055522.520448,
        "title" : "Untitled",
        "transform" : [
          1,
          0,
          0,
          0,
          0,
          0.7071069,
          -0.70710677,
          0,
          0,
          0.70710677,
          0.7071069,
          0,
          -0.45792776,
          4.6511936,
          11.9696,
          1
        ]
      },
      {
        "date" : 771055436.378696,
        "title" : "Untitled",
        "transform" : [
          1,
          0,
          0,
          0,
          0,
          0.7071069,
          -0.70710677,
          0,
          0,
          0.70710677,
          0.7071069,
          0,
          -0.11321283,
          7.178361,
          9.442431,
          1
        ]
      },
      {
        "date" : 771055428.421065,
        "title" : "Untitled",
        "transform" : [
          1,
          0,
          0,
          0,
          0,
          0.7071069,
          -0.70710677,
          0,
          0,
          0.70710677,
          0.7071069,
          0,
          -0.10597962,
          6.3365965,
          8.222131,
          1
        ]
      },
      {
        "date" : 771055418.801484,
        "title" : "Untitled",
        "transform" : [
          1,
          0,
          0,
          0,
          0,
          0.7071069,
          -0.70710677,
          0,
          0,
          0.70710677,
          0.7071069,
          0,
          0.24123919,
          7.2368627,
          7.321864,
          1
        ]
      },
      {
        "date" : 771055342.796198,
        "title" : "Untitled",
        "transform" : [
          1,
          0,
          0,
          0,
          0,
          0.7071069,
          -0.70710677,
          0,
          0,
          0.70710677,
          0.7071069,
          0,
          0.05919443,
          3.1393938,
          3.4824812,
          1
        ]
      },
      {
        "date" : 771055339.579383,
        "title" : "Untitled",
        "transform" : [
          1,
          0,
          0,
          0,
          0,
          0.7071069,
          -0.70710677,
          0,
          0,
          0.70710677,
          0.7071069,
          0,
          0.05919443,
          3.7123852,
          4.0554705,
          1
        ]
      },
      {
        "date" : 771055335.76267,
        "title" : "Untitled",
        "transform" : [
          1,
          0,
          0,
          0,
          0,
          0.7071069,
          -0.70710677,
          0,
          0,
          0.70710677,
          0.7071069,
          0,
          0.10587655,
          4.2405405,
          3.5273151,
          1
        ]
      }
    ],
    "8634B1C8-3274-4847-B21A-E4F7F6BA3229" : [
      {
        "date" : 771054428.184738,
        "title" : "Untitled",
        "transform" : [
          0.9972764,
          0,
          -0.07375498,
          0,
          -0.05215265,
          0.7071069,
          -0.7051809,
          0,
          0.052152656,
          0.70710677,
          0.705181,
          0,
          0.12525947,
          0.7762239,
          0.900813,
          1
        ]
      },
      {
        "date" : 771054423.218484,
        "title" : "Untitled",
        "transform" : [
          1,
          0,
          0,
          0,
          0,
          0.7071069,
          -0.70710677,
          0,
          0,
          0.70710677,
          0.7071069,
          0,
          0.0494882,
          0.75916404,
          0.9266305,
          1
        ]
      },
      {
        "date" : 771054415.384899,
        "title" : "Untitled",
        "transform" : [
          1,
          0,
          0,
          0,
          0,
          0.7071069,
          -0.70710677,
          0,
          0,
          0.70710677,
          0.7071069,
          0,
          0.06666492,
          1.5990895,
          1.7457359,
          1
        ]
      },
      {
        "date" : 771054411.933895,
        "title" : "Untitled",
        "transform" : [
          1,
          0,
          0,
          0,
          0,
          0.7071069,
          -0.70710677,
          0,
          0,
          0.70710677,
          0.7071069,
          0,
          0.1090502,
          1.2970908,
          1.2692361,
          1
        ]
      },
      {
        "date" : 771054407.084772,
        "title" : "Untitled",
        "transform" : [
          1,
          0,
          0,
          0,
          0,
          0.7071069,
          -0.70710677,
          0,
          0,
          0.70710677,
          0.7071069,
          0,
          0.0774888,
          0.9216857,
          0.9018927,
          1
        ]
      },
      {
        "date" : 771054403.895925,
        "title" : "Untitled",
        "transform" : [
          1,
          0,
          0,
          0,
          0,
          0.7071069,
          -0.70710677,
          0,
          0,
          0.70710677,
          0.7071069,
          0,
          -0.011629039,
          0.8953432,
          0.9282355,
          1
        ]
      },
      {
        "date" : 771054384.085207,
        "title" : "Untitled",
        "transform" : [
          1,
          0,
          0,
          0,
          0,
          0.7071069,
          -0.70710677,
          0,
          0,
          0.70710677,
          0.7071069,
          0,
          -0.012173974,
          0.9372988,
          0.9717324,
          1
        ]
      }
    ],
    "AF09ED6F-1707-48FD-8720-65B998362C09" : [
      {
        "date" : 771078920.121903,
        "title" : "Untitled",
        "transform" : [
          0.8738313,
          9.708408e-05,
          0.48622936,
          0,
          -0.09541461,
          0.98059124,
          0.17127971,
          0,
          -0.47677568,
          -0.19606292,
          0.8568805,
          0,
          0.537716,
          1.0402669,
          -0.76380605,
          1
        ]
      },
      {
        "date" : 771078904.064352,
        "title" : "Untitled",
        "transform" : [
          -0.07935002,
          9.7091994e-05,
          0.9968468,
          0,
          0.046018846,
          0.9989342,
          0.0035660358,
          0,
          -0.9957841,
          0.046156693,
          -0.07926997,
          0,
          0.112583935,
          1.1379931,
          -1.025939,
          1
        ]
      },
      {
        "date" : 771078899.707815,
        "title" : "Untitled",
        "transform" : [
          0.44622943,
          9.709198e-05,
          0.89491856,
          0,
          0.21218969,
          0.97147256,
          -0.10590843,
          0,
          -0.8693991,
          0.23715192,
          0.43347898,
          0,
          0.30015412,
          1.2121687,
          -0.8536633,
          1
        ]
      },
      {
        "date" : 771077988.868932,
        "title" : "Untitled",
        "transform" : [
          -0.35198542,
          9.7094504e-05,
          0.9360055,
          0,
          -0.113906845,
          0.9925632,
          -0.042937506,
          0,
          -0.92904866,
          -0.121730804,
          -0.3493568,
          0,
          0.06290129,
          1.0706933,
          -1.1512637,
          1
        ]
      },
      {
        "date" : 771077980.869963,
        "title" : "Untitled",
        "transform" : [
          0.030375278,
          9.7094155e-05,
          0.99953854,
          0,
          -0.13646695,
          0.9906364,
          0.0040510916,
          0,
          -0.9901789,
          -0.13652703,
          0.030104019,
          0,
          0.13915199,
          1.0648892,
          -0.9857594,
          1
        ]
      },
      {
        "date" : 771077969.217224,
        "title" : "Untitled",
        "transform" : [
          0.95466924,
          9.709417e-05,
          0.29766878,
          0,
          -0.023830587,
          0.99681515,
          0.07610381,
          0,
          -0.29671344,
          -0.079747595,
          0.95163095,
          0,
          0.53921086,
          1.0868607,
          -0.72918326,
          1
        ]
      },
      {
        "date" : 771077957.251889,
        "title" : "Untitled",
        "transform" : [
          0.6151962,
          9.7091055e-05,
          0.78837407,
          0,
          0.072361335,
          0.9957719,
          -0.056588512,
          0,
          -0.7850462,
          0.091860816,
          0.612588,
          0,
          0.24783349,
          1.1739166,
          -0.838083,
          1
        ]
      },
      {
        "date" : 771077955.206252,
        "title" : "Untitled",
        "transform" : [
          0.6151962,
          9.7091055e-05,
          0.78837407,
          0,
          0.072361335,
          0.9957719,
          -0.056588512,
          0,
          -0.7850462,
          0.091860816,
          0.612588,
          0,
          2.2078774,
          0.94456506,
          -2.3675492,
          1
        ]
      },
      {
        "date" : 771077947.389204,
        "title" : "Untitled",
        "transform" : [
          0.001185327,
          9.709353e-05,
          0.99999934,
          0,
          -0.05462149,
          0.9985071,
          -3.2013384e-05,
          0,
          -0.9985064,
          -0.05462142,
          0.0011888376,
          0,
          0.12765601,
          1.0743499,
          -1.246177,
          1
        ]
      },
      {
        "date" : 771077945.251942,
        "title" : "Untitled",
        "transform" : [
          0.038311895,
          9.709353e-05,
          0.99926585,
          0,
          -0.07495392,
          0.9971831,
          0.0027770365,
          0,
          -0.9964507,
          -0.07500529,
          0.03821123,
          0,
          0.12648216,
          1.0693521,
          -1.2370665,
          1
        ]
      }
    ],
    "D66134B1-3681-4A8E-AFE5-29F257229F3B" : [
      {
        "date" : 771052256.227314,
        "title" : "Untitled",
        "transform" : [
          1,
          0,
          0,
          0,
          0,
          0.7071069,
          -0.7071067,
          0,
          0,
          0.7071067,
          0.7071069,
          0,
          1.4475903e-08,
          0.2156459,
          0.21604592,
          1
        ]
      },
      {
        "date" : 771052238.104635,
        "title" : "Untitled",
        "transform" : [
          1,
          0,
          0,
          0,
          0,
          0.7071069,
          -0.7071067,
          0,
          0,
          0.7071067,
          0.7071069,
          0,
          1.1353653e-08,
          0.16913408,
          0.1695341,
          1
        ]
      },
      {
        "date" : 771052226.536091,
        "title" : "Untitled",
        "transform" : [
          1,
          0,
          0,
          0,
          0,
          0.7071069,
          -0.70710677,
          0,
          0,
          0.70710677,
          0.7071069,
          0,
          -0.0060261125,
          0.45117888,
          0.49379018,
          1
        ]
      },
      {
        "date" : 771037476.403009,
        "title" : "Untitled",
        "transform" : [
          1,
          0,
          0,
          0,
          0,
          0.7071069,
          -0.70710677,
          0,
          0,
          0.70710677,
          0.7071069,
          0,
          0,
          0.94148844,
          0.9414885,
          1
        ]
      }
    ],
    "D840AAF5-667D-47AB-BD46-E733C15F32DE" : [
      {
        "date" : 771052889.180275,
        "title" : "Untitled",
        "transform" : [
          0.9999607,
          2.1604529e-10,
          -0.008873133,
          0,
          -0.003807255,
          0.90326804,
          -0.4290599,
          0,
          0.008014817,
          0.42907676,
          0.9032325,
          0,
          0.0017241199,
          0.18753883,
          0.3959253,
          1
        ]
      },
      {
        "date" : 771052881.829268,
        "title" : "Untitled",
        "transform" : [
          0.9999607,
          2.1604529e-10,
          -0.008873133,
          0,
          -0.003807255,
          0.90326804,
          -0.4290599,
          0,
          0.008014817,
          0.42907676,
          0.9032325,
          0,
          0.00090139225,
          0.14349373,
          0.3032077,
          1
        ]
      },
      {
        "date" : 771052849.441347,
        "title" : "Untitled",
        "transform" : [
          0.99996066,
          1.0010112e-10,
          -0.008873131,
          0,
          -0.003807255,
          0.9032681,
          -0.4290599,
          0,
          0.008014816,
          0.4290767,
          0.90323246,
          0,
          0.02337741,
          0.26818734,
          0.68688244,
          1
        ]
      },
      {
        "date" : 771052293.734607,
        "title" : "Untitled",
        "transform" : [
          0.99996066,
          1.0010112e-10,
          -0.008873131,
          0,
          -0.003807255,
          0.9032681,
          -0.4290599,
          0,
          0.008014816,
          0.4290767,
          0.90323246,
          0,
          0.054327644,
          0.62325066,
          1.5957425,
          1
        ]
      },
      {
        "date" : 771052275.00339,
        "title" : "Untitled",
        "transform" : [
          0.99996066,
          1.0010112e-10,
          -0.008873131,
          0,
          -0.003807255,
          0.9032681,
          -0.4290599,
          0,
          0.008014817,
          0.42907676,
          0.9032326,
          0,
          0.015883505,
          0.540038,
          2.3257637,
          1
        ]
      },
      {
        "date" : 771052262.369116,
        "title" : "Untitled",
        "transform" : [
          1,
          0,
          0,
          0,
          0,
          0.7071069,
          -0.70710677,
          0,
          0,
          0.70710677,
          0.7071069,
          0,
          0.03858114,
          1.2667576,
          2.6872034,
          1
        ]
      },
      {
        "date" : 771052248.88603,
        "title" : "Untitled",
        "transform" : [
          1,
          0,
          0,
          0,
          0,
          0.7071069,
          -0.70710677,
          0,
          0,
          0.70710677,
          0.7071069,
          0,
          0.12623546,
          1.4210333,
          2.8628063,
          1
        ]
      },
      {
        "date" : 771052209.803439,
        "title" : "Untitled",
        "transform" : [
          1,
          0,
          0,
          0,
          0,
          0.7071069,
          -0.70710677,
          0,
          0,
          0.70710677,
          0.7071069,
          0,
          0.12623546,
          1.6867784,
          3.1285515,
          1
        ]
      },
      {
        "date" : 771052201.572009,
        "title" : "Untitled",
        "transform" : [
          1,
          0,
          0,
          0,
          0,
          0.7071069,
          -0.70710677,
          0,
          0,
          0.70710677,
          0.7071069,
          0,
          0.16442296,
          3.5052924,
          4.6375923,
          1
        ]
      },
      {
        "date" : 771052197.775389,
        "title" : "Untitled",
        "transform" : [
          1,
          0,
          0,
          0,
          0,
          0.7071069,
          -0.70710677,
          0,
          0,
          0.70710677,
          0.7071069,
          0,
          0.45319307,
          4.482102,
          5.2442803,
          1
        ]
      }
    ]
  },
  "sceneViewportBackgroundColors" : {

  },
  "selectedSceneRelativePath" : "Immersive.usda"
}