{
  "advancedEditorSelectedIdentifier" : "ProjectBrowser",
  "openSceneRelativePaths" : [
    "PhysicsImmersive.usda"
  ],
  "recentIdentifiers" : {
    "AF09ED6F-1707-48FD-8720-65B998362C09" : [

    ]
  },
  "sceneCameraHistory" : {
    "AC3548AE-885B-4468-AC96-C295FAB09FF5" : [
      {
        "date" : 771062665.26859,
        "title" : "Untitled",
        "transform" : [
          -0.46769962,
          1.0723427e-08,
          -0.8838874,
          0,
          -0.54654104,
          0.78591245,
          0.28919637,
          0,
          0.6946581,
          0.6183378,
          -0.3675709,
          0,
          3.5346043,
          3.1462665,
          -1.8702981,
          1
        ]
      }
    ],
    "AF09ED6F-1707-48FD-8720-65B998362C09" : [
      {
        "date" : 771054536.439323,
        "title" : "Untitled",
        "transform" : [
          -0.090487994,
          2.5480844e-08,
          -0.9958976,
          0,
          -0.035552282,
          0.9993625,
          0.0032303126,
          0,
          0.99526286,
          0.0356988,
          -0.090430066,
          0,
          2.2003307,
          0.8788317,
          -2.005485,
          1
        ]
      },
      {
        "date" : 771054515.939376,
        "title" : "Untitled",
        "transform" : [
          -0.09048799,
          2.548084e-08,
          -0.9958975,
          0,
          -0.035552282,
          0.9993625,
          0.0032303126,
          0,
          0.99526286,
          0.0356988,
          -0.090430066,
          0,
          3.4694395,
          0.61257815,
          -2.5183167,
          1
        ]
      },
      {
        "date" : 771054511.224231,
        "title" : "Untitled",
        "transform" : [
          0.8129574,
          2.8482988e-08,
          -0.582323,
          0,
          -0.32678062,
          0.82770234,
          -0.4562051,
          0,
          0.48198998,
          0.56116736,
          0.672887,
          0,
          2.9571834,
          2.1561909,
          0.17972684,
          1
        ]
      },
      {
        "date" : 771054500.617977,
        "title" : "Untitled",
        "transform" : [
          0.8289114,
          3.0170554e-08,
          0.55937976,
          0,
          0.46081308,
          0.5668907,
          -0.68285143,
          0,
          -0.3171074,
          0.82379305,
          0.4699021,
          0,
          0.4198903,
          2.995587,
          0.73016465,
          1
        ]
      },
      {
        "date" : 771054496.924032,
        "title" : "Untitled",
        "transform" : [
          0.6406361,
          2.8830677e-08,
          0.7678446,
          0,
          -0.038566306,
          0.99873793,
          0.032177012,
          0,
          -0.7668757,
          -0.05022668,
          0.63982743,
          0,
          -1.0013391,
          1.2685294,
          1.6555271,
          1
        ]
      },
      {
        "date" : 771054485.125711,
        "title" : "Untitled",
        "transform" : [
          0.9446155,
          2.5280071e-08,
          -0.3281792,
          0,
          -0.016089007,
          0.9987976,
          -0.04630976,
          0,
          0.32778448,
          0.049024995,
          0.9434797,
          0,
          2.3642795,
          1.5563121,
          1.8450571,
          1
        ]
      },
      {
        "date" : 771054452.901984,
        "title" : "Untitled",
        "transform" : [
          -0.55807424,
          2.5352286e-08,
          -0.829791,
          0,
          -0.028908052,
          0.999393,
          0.01944208,
          0,
          0.82928735,
          0.034837767,
          -0.55773544,
          0,
          3.4344242,
          1.505664,
          -3.7546458,
          1
        ]
      },
      {
        "date" : 771054446.246852,
        "title" : "Untitled",
        "transform" : [
          -0.55807424,
          2.379635e-08,
          -0.82979107,
          0,
          -0.02890805,
          0.999393,
          0.01944208,
          0,
          0.82928747,
          0.034837767,
          -0.5577353,
          0,
          2.3495665,
          0.38609827,
          -1.9706576,
          1
        ]
      },
      {
        "date" : 771054433.357376,
        "title" : "Untitled",
        "transform" : [
          -0.6464909,
          2.5196186e-08,
          -0.76292175,
          0,
          -0.003892874,
          0.999987,
          0.0032988125,
          0,
          0.7629119,
          0.005102614,
          -0.6464824,
          0,
          2.2600553,
          0.3365023,
          -2.1347127,
          1
        ]
      },
      {
        "date" : 771054275.424402,
        "title" : "Untitled",
        "transform" : [
          -0.6464909,
          2.5196186e-08,
          -0.76292175,
          0,
          -0.003892874,
          0.999987,
          0.0032988125,
          0,
          0.7629119,
          0.005102614,
          -0.6464824,
          0,
          1.5199454,
          0.6606914,
          -1.8021356,
          1
        ]
      }
    ]
  },
  "sceneViewportBackgroundColors" : {

  }
}