{
  "advancedEditorSelectedIdentifier" : "ProjectBrowser",
  "openSceneRelativePaths" : [
    "Immersive.usda"
  ],
  "recentIdentifiers" : {
    "AF09ED6F-1707-48FD-8720-65B998362C09" : [

    ]
  },
  "sceneCameraHistory" : {
    "AF09ED6F-1707-48FD-8720-65B998362C09" : [
      {
        "date" : 771073323.911183,
        "title" : "Untitled",
        "transform" : [
          0.24577507,
          -3.30406e-08,
          -0.96932685,
          0,
          -0.07903777,
          0.99667025,
          -0.02004024,
          0,
          0.96609926,
          0.08153883,
          0.24495672,
          0,
          2.0306342,
          2.710341,
          -0.82686526,
          1
        ]
      },
      {
        "date" : 771073309.865655,
        "title" : "Untitled",
        "transform" : [
          0.24577507,
          -2.8469046e-08,
          -0.96932685,
          0,
          -0.07903777,
          0.99667025,
          -0.020040236,
          0,
          0.96609926,
          0.081538826,
          0.24495672,
          0,
          1.7205179,
          2.738194,
          -0.67436576,
          1
        ]
      },
      {
        "date" : 771073305.381759,
        "title" : "Untitled",
        "transform" : [
          0.24577516,
          -2.0058557e-08,
          -0.9693269,
          0,
          -0.07903776,
          0.9966702,
          -0.02004023,
          0,
          0.9660992,
          0.08153882,
          0.24495679,
          0,
          2.0306346,
          2.710341,
          -0.826865,
          1
        ]
      },
      {
        "date" : 771073297.191593,
        "title" : "Untitled",
        "transform" : [
          0.24577509,
          -1.39402445e-08,
          -0.96932673,
          0,
          -0.07903778,
          0.9966701,
          -0.02004012,
          0,
          0.96609926,
          0.08153894,
          0.24495655,
          0,
          3.352498,
          2.643094,
          -0.87127584,
          1
        ]
      },
      {
        "date" : 771073293.925467,
        "title" : "Untitled",
        "transform" : [
          -0.96387935,
          -1.9376422e-08,
          -0.26633984,
          0,
          -0.26536056,
          0.08566991,
          0.96033573,
          0,
          0.02281707,
          0.99632365,
          -0.082575396,
          0,
          0.9283177,
          5.335847,
          -2.0402257,
          1
        ]
      },
      {
        "date" : 771073292.576184,
        "title" : "Untitled",
        "transform" : [
          -0.9569163,
          -1.9193708e-08,
          -0.2903642,
          0,
          -0.2901872,
          0.03489971,
          0.9563334,
          0,
          0.0101333875,
          0.9993909,
          -0.033396058,
          0,
          0.9211115,
          5.386064,
          -1.9266775,
          1
        ]
      },
      {
        "date" : 771073281.194497,
        "title" : "Untitled",
        "transform" : [
          -0.97957593,
          -1.9193708e-08,
          -0.20107482,
          0,
          -0.20095222,
          0.034899652,
          0.97897923,
          0,
          0.0070172064,
          0.9993909,
          -0.034186795,
          0,
          0.81813097,
          5.386064,
          -1.8654053,
          1
        ]
      },
      {
        "date" : 771073275.760132,
        "title" : "Untitled",
        "transform" : [
          -0.9991134,
          -1.9193708e-08,
          0.042101473,
          0,
          0.04207595,
          0.03489971,
          0.99850476,
          0,
          -0.0014695416,
          0.9993909,
          -0.03486865,
          0,
          0.79559726,
          5.386064,
          -1.6043081,
          1
        ]
      },
      {
        "date" : 771073224.667062,
        "title" : "Untitled",
        "transform" : [
          -0.6939784,
          -2.9302747e-08,
          0.719996,
          0,
          -0.0043661743,
          0.9999817,
          -0.004208507,
          0,
          -0.71998274,
          -0.0060641095,
          -0.69396544,
          0,
          -1.1758053,
          2.6098313,
          -3.396339,
          1
        ]
      },
      {
        "date" : 771073217.26325,
        "title" : "Untitled",
        "transform" : [
          -0.8129783,
          1.1050673e-08,
          0.582294,
          0,
          0.58193934,
          0.034899693,
          0.812483,
          0,
          -0.02032189,
          0.9993908,
          -0.028372549,
          0,
          0.68483716,
          5.346043,
          -1.635227,
          1
        ]
      }
    ]
  },
  "sceneViewportBackgroundColors" : {

  }
}